B = ones(4, 4);
B = 2 * B;

A1 = [2 0 0 0; 0 1 0 0; 0 0 1 0; 0 0 0 1];
A2 = [1 0 0 0; 0 1 0 0; 0 0 0.5 0; 0 0 0 1];
A3 = [1 0 1 0; 0 1 0 0; 0 0 1 0; 0 0 0 1];
A4 = [0 0 0 1; 0 1 0 0; 0 0 1 0; 1 0 0 0];
A5 = [1 -1 0 0; 0 1 0 0; 0 -1 1 0; 0 -1 0 1];
A6 = [1 0 0 0; 0 1 0 0; 0 0 1 1; 0 0 0 0];
A7 = [0 0 0; 1 0 0; 0 1 0; 0 0 1];

A = A5 * A3 * A2
C = A1 * A4 * A6 * A7
ABC = A * B * C

orig = B
op1 = B * A1
op2 = A2 * B * A1
op3 = A3 * A2 * B * A1
op4 = A3 * A2 * B * A1 * A4
op5 = A5 * A3 * A2 * B * A1 * A4
op6 = A5 * A3 * A2 * B * A1 * A4 * A6
op7 = A5 * A3 * A2 * B * A1 * A4 * A6 * A7